0 0.245283 0.181342 0.113208 0.180294
0 0.243514 0.898323 0.133255 0.155136
0 0.238797 0.491614 0.119104 0.109015
0 0.406250 0.150943 0.114387 0.106918
0 0.442217 0.452830 0.113208 0.127883
0 0.436910 0.848008 0.123821 0.159329
0 0.579599 0.631027 0.112028 0.119497
0 0.679835 0.861635 0.123821 0.123690
0 0.824882 0.682390 0.067217 0.213836
0 0.615566 0.410901 0.108491 0.111111
0 0.671580 0.191824 0.100236 0.100629
0 0.587264 0.075472 0.108491 0.115304
0 0.780661 0.089099 0.108491 0.104822
0 0.792453 0.395178 0.108491 0.129979