0 0.094523 0.082155 0.111307 0.100707
0 0.362191 0.088339 0.106007 0.095406
0 0.587456 0.090989 0.100707 0.107774
0 0.936396 0.085689 0.102473 0.104240
0 0.079505 0.283569 0.134276 0.136042
0 0.340106 0.288869 0.111307 0.107774
0 0.578622 0.303887 0.111307 0.102473
1 0.916078 0.259717 0.100707 0.095406
0 0.053004 0.531802 0.102473 0.109541
0 0.339223 0.505300 0.113074 0.084806
0 0.576855 0.505300 0.104240 0.098940
0 0.939046 0.465548 0.111307 0.104240
0 0.913428 0.781802 0.095406 0.125442
0 0.585689 0.780035 0.128975 0.143110
0 0.053004 0.780919 0.106007 0.113074
0 0.310954 0.774735 0.123675 0.111307