1 0.122792 0.086572 0.121908 0.109541
1 0.383392 0.088339 0.106007 0.091873
1 0.598057 0.090989 0.097173 0.107774
0 0.944346 0.094523 0.100707 0.104240
0 0.099823 0.284452 0.132509 0.134276
0 0.358657 0.289753 0.102473 0.102473
0 0.926678 0.273852 0.107774 0.106007
0 0.067138 0.780035 0.116608 0.125442
0 0.591873 0.307420 0.102473 0.098940
0 0.070671 0.528269 0.116608 0.109541
0 0.352473 0.507067 0.100707 0.084806
0 0.593640 0.507951 0.102473 0.100707
1 0.596290 0.780919 0.136042 0.148410
0 0.919611 0.787986 0.104240 0.127208
0 0.327739 0.773852 0.114841 0.120141
0 0.947880 0.466431 0.104240 0.106007