1 0.188090 0.214002 0.133255 0.204284
1 0.388561 0.224216 0.107311 0.142999
1 0.531250 0.235707 0.109669 0.135338
1 0.687500 0.259966 0.103774 0.127678
1 0.839623 0.254859 0.113208 0.240034
1 0.228184 0.547241 0.116745 0.140445
1 0.379127 0.537027 0.114387 0.135338
1 0.528892 0.535750 0.107311 0.137892
1 0.688090 0.542134 0.107311 0.125124
1 0.849646 0.537027 0.104953 0.130231
1 0.202830 0.840900 0.120283 0.140446
1 0.383844 0.846007 0.112028 0.140446
1 0.525944 0.814087 0.113208 0.142999
1 0.703420 0.794935 0.112028 0.130231
1 0.851415 0.788552 0.108491 0.132784