0 0.280660 0.885744 0.101415 0.205451
0 0.299528 0.139413 0.070755 0.113208
0 0.501179 0.077568 0.106132 0.111111
0 0.582547 0.186583 0.108491 0.094340
0 0.416863 0.197065 0.104953 0.081761
0 0.255896 0.338574 0.063679 0.184486
0 0.415094 0.404612 0.113208 0.106918
0 0.607901 0.392034 0.069575 0.190776
0 0.719340 0.704403 0.089623 0.211740
0 0.612028 0.615304 0.099057 0.155136
0 0.576061 0.837526 0.119104 0.129979
0 0.437500 0.671908 0.115566 0.134172
0 0.314858 0.587002 0.068396 0.203354
0 0.436321 0.879455 0.117925 0.125786