0 0.303887 0.135159 0.109541 0.104240
0 0.750000 0.144876 0.100707 0.098940
1 0.762367 0.404594 0.111307 0.095406
0 0.888693 0.271201 0.106007 0.097173
1 0.527385 0.070671 0.097173 0.106007
1 0.886926 0.573322 0.106007 0.104240
1 0.644876 0.866608 0.109541 0.114841
0 0.057420 0.136926 0.107774 0.100707
1 0.064488 0.309187 0.107774 0.102473
0 0.267668 0.321555 0.100707 0.098940
1 0.478799 0.348057 0.098940 0.095406
0 0.612191 0.561837 0.107774 0.098940
0 0.460247 0.612191 0.104240 0.097173
1 0.288869 0.506184 0.104240 0.107774
0 0.060954 0.526502 0.111307 0.102473
0 0.194346 0.741166 0.116608 0.107774