1 0.631625 0.856007 0.114841 0.114841
1 0.870141 0.565371 0.114841 0.106007
1 0.750883 0.397527 0.106007 0.095406
1 0.459364 0.339223 0.095406 0.106007
1 0.049470 0.295936 0.095406 0.097173
0 0.045936 0.522968 0.091873 0.106007
0 0.045936 0.128092 0.091873 0.104240
0 0.175795 0.740283 0.111307 0.116608
0 0.442580 0.606890 0.107774 0.111307
0 0.596290 0.557420 0.107774 0.104240
0 0.867491 0.259717 0.098940 0.102473
0 0.730565 0.132509 0.097173 0.098940
0 0.507067 0.064488 0.095406 0.093640
1 0.287102 0.127208 0.111307 0.106007
0 0.249117 0.311837 0.113074 0.104240
0 0.271201 0.500000 0.104240 0.102473