1 0.497350 0.855124 0.107774 0.106007
0 0.789753 0.596290 0.169611 0.118375
1 0.876325 0.391343 0.116608 0.100707
1 0.949647 0.121025 0.100707 0.104240
1 0.610424 0.136042 0.107774 0.109541
1 0.399293 0.128975 0.102473 0.106007
0 0.202297 0.077739 0.111307 0.113074
1 0.491166 0.317138 0.102473 0.111307
0 0.714664 0.274735 0.118375 0.121908
0 0.528269 0.563604 0.098940 0.109541
0 0.269435 0.774735 0.157244 0.132509
1 0.280919 0.444346 0.113074 0.100707
1 0.057420 0.574205 0.111307 0.109541
1 0.057420 0.357774 0.111307 0.114841
0 0.117491 0.239399 0.121908 0.104240