1 0.126325 0.126325 0.114841 0.100707
1 0.371025 0.084806 0.102473 0.106007
0 0.572438 0.183746 0.123675 0.162544
1 0.806537 0.473498 0.111307 0.098940
0 0.719081 0.686396 0.127208 0.146643
1 0.529152 0.886042 0.114841 0.114841
1 0.326855 0.881625 0.106007 0.102473
0 0.217314 0.816254 0.098940 0.102473
0 0.062721 0.730565 0.107774 0.097173
1 0.409894 0.668728 0.098940 0.104240
1 0.116608 0.551237 0.098940 0.095406
1 0.127208 0.343640 0.098940 0.100707
1 0.295936 0.461131 0.104240 0.102473
0 0.530035 0.433746 0.109541 0.097173
0 0.315371 0.299470 0.114841 0.128975