0 0.183912 0.083497 0.150186 0.088409
1 0.451102 0.053045 0.153678 0.086444
1 0.798625 0.070727 0.157171 0.098232
0 0.197883 0.212181 0.171142 0.086444
0 0.500000 0.190570 0.160664 0.090373
0 0.831805 0.210216 0.188605 0.094303
0 0.196136 0.378193 0.167649 0.096267
1 0.477298 0.364440 0.171142 0.088409
1 0.844030 0.374263 0.178127 0.092338
0 0.157717 0.563851 0.209561 0.113949
0 0.433639 0.565815 0.160664 0.094303
1 0.796878 0.553045 0.174634 0.096267
1 0.215346 0.759332 0.157171 0.088409
0 0.513971 0.754420 0.167649 0.102161
0 0.849269 0.765226 0.195590 0.104126
0 0.248527 0.925344 0.167649 0.094303
0 0.548898 0.923379 0.181620 0.094303
0 0.847522 0.947937 0.192098 0.104126