0 0.171687 0.086444 0.153678 0.086444
0 0.194390 0.211198 0.171142 0.084479
0 0.185658 0.376228 0.167649 0.096267
0 0.159463 0.567780 0.213054 0.113949
1 0.208361 0.766208 0.171142 0.094303
0 0.250273 0.931238 0.192098 0.094303
1 0.451102 0.055010 0.153678 0.090373
1 0.798625 0.066798 0.164156 0.094303
0 0.500000 0.190570 0.146693 0.090373
0 0.835298 0.212181 0.202576 0.102161
1 0.472059 0.367387 0.167649 0.098232
1 0.833552 0.372299 0.178127 0.092338
1 0.796878 0.558939 0.188605 0.100196
0 0.426654 0.568762 0.167649 0.092338
0 0.851015 0.773084 0.199083 0.108055
0 0.513971 0.756385 0.167649 0.094303
0 0.856254 0.953831 0.181620 0.092338
0 0.541912 0.930255 0.167649 0.104126