0 0.893278 0.861635 0.100236 0.188679
0 0.926297 0.492662 0.126179 0.213836
1 0.897406 0.119497 0.106132 0.171908
0 0.723467 0.115304 0.097877 0.184486
0 0.530660 0.085954 0.108491 0.167715
0 0.340802 0.094340 0.122642 0.188679
0 0.120283 0.242138 0.127358 0.194969
0 0.130896 0.758910 0.115566 0.213836
0 0.293632 0.469602 0.120283 0.192872
1 0.288915 0.849057 0.108491 0.197065
1 0.518868 0.867925 0.103774 0.184486
1 0.734080 0.880503 0.104953 0.184486
1 0.547170 0.505241 0.103774 0.176101
0 0.765330 0.482180 0.103774 0.184486