1 0.370873 0.460420 0.114387 0.135338
1 0.555425 0.473188 0.110849 0.150660
1 0.754127 0.477018 0.128538 0.153213
0 0.205189 0.108030 0.110849 0.125124
0 0.357311 0.143779 0.106132 0.135338
0 0.544222 0.108030 0.116745 0.120017
0 0.716392 0.111860 0.119104 0.132785
0 0.893278 0.090155 0.116745 0.104696
0 0.908019 0.395304 0.125000 0.153213
0 0.948703 0.862605 0.102594 0.168535
0 0.744693 0.870265 0.149764 0.214499
0 0.544811 0.778337 0.117925 0.296212
0 0.354953 0.825578 0.115566 0.145553
1 0.165094 0.837069 0.110849 0.142999
0 0.171580 0.528089 0.123821 0.263016