1 0.127358 0.796212 0.108491 0.137892
1 0.334906 0.432331 0.113208 0.150660
1 0.520637 0.447652 0.116745 0.145553
1 0.716981 0.459143 0.125000 0.153213
0 0.924528 0.874096 0.132075 0.181302
0 0.882075 0.391474 0.125000 0.171088
0 0.873821 0.079940 0.117925 0.120017
0 0.695165 0.085048 0.119104 0.135338
0 0.517099 0.069974 0.119104 0.139949
0 0.328420 0.104199 0.107311 0.132785
0 0.177476 0.067173 0.107311 0.125124
0 0.133255 0.485955 0.110849 0.252802
0 0.311321 0.791105 0.115566 0.153213
0 0.502948 0.757909 0.123821 0.296212
0 0.704009 0.854944 0.143868 0.224713