0 0.173939 0.068449 0.104953 0.122571
0 0.129717 0.483402 0.108491 0.237480
0 0.511792 0.078664 0.122642 0.122571
0 0.684552 0.085048 0.123821 0.130231
0 0.867925 0.078664 0.113208 0.137892
0 0.877358 0.399135 0.125000 0.171088
0 0.322524 0.105476 0.107311 0.130231
0 0.699292 0.852390 0.146226 0.234927
0 0.919811 0.865158 0.132075 0.183856
0 0.500590 0.750248 0.121462 0.291105
0 0.308962 0.791105 0.117925 0.137892
1 0.124410 0.788552 0.109670 0.148106
1 0.714623 0.457866 0.127358 0.150660
1 0.517099 0.443822 0.116745 0.148106
1 0.331958 0.432331 0.112028 0.135338