0 0.142286 0.104240 0.172162 0.084806
0 0.107854 0.246466 0.172162 0.086572
0 0.107854 0.432862 0.179813 0.137809
0 0.089316 0.636042 0.178631 0.144876
0 0.090637 0.863958 0.168336 0.162544
0 0.649207 0.083039 0.290762 0.074205
0 0.482784 0.195230 0.279285 0.136042
0 0.490435 0.404594 0.179813 0.169611
0 0.433048 0.636042 0.164510 0.148410
0 0.434961 0.862191 0.191291 0.162544
1 0.894059 0.193463 0.153033 0.139576
1 0.910684 0.396643 0.178631 0.136042
1 0.903033 0.645760 0.193934 0.146643
1 0.910684 0.874558 0.178631 0.151943