1 0.899798 0.189046 0.164510 0.130742
1 0.912597 0.395760 0.174805 0.141343
1 0.912597 0.636042 0.174805 0.148410
1 0.912597 0.866608 0.174805 0.160777
0 0.649207 0.075088 0.267807 0.072438
0 0.146112 0.097173 0.179813 0.088339
1 0.109766 0.234982 0.168336 0.074205
0 0.482784 0.188163 0.286936 0.146643
0 0.486610 0.398410 0.195117 0.171378
0 0.109766 0.426678 0.191291 0.143110
0 0.434961 0.630742 0.191291 0.141343
0 0.092550 0.629859 0.172162 0.143110
0 0.434961 0.863074 0.191291 0.157244
0 0.089316 0.859541 0.178631 0.164311