0 0.851415 0.794549 0.089623 0.146751
0 0.844929 0.392034 0.083726 0.146751
0 0.855542 0.127883 0.100236 0.176101
0 0.663915 0.082809 0.094340 0.144654
0 0.684552 0.422432 0.104953 0.186583
1 0.675118 0.800839 0.086085 0.150943
0 0.448113 0.857442 0.094340 0.159329
0 0.241745 0.866876 0.108491 0.182390
1 0.076651 0.890985 0.101415 0.155136
1 0.099057 0.502096 0.094340 0.161426
1 0.100236 0.179245 0.091981 0.169811
0 0.258255 0.131027 0.089623 0.148847
1 0.270047 0.477987 0.089623 0.163522
0 0.450472 0.475891 0.087264 0.142558
1 0.452241 0.133124 0.083726 0.144654