0 0.864986 0.065815 0.171142 0.100196
0 0.583824 0.070727 0.167649 0.086444
0 0.259005 0.079568 0.174634 0.096267
0 0.245034 0.222986 0.188605 0.092338
0 0.604781 0.231827 0.181620 0.110020
0 0.908917 0.235756 0.182165 0.121807
1 0.204868 0.444990 0.185112 0.100196
1 0.578585 0.426326 0.178127 0.098232
1 0.894674 0.426326 0.188605 0.098232
0 0.131522 0.653242 0.213054 0.115914
0 0.466819 0.647348 0.227025 0.111984
0 0.871971 0.644401 0.240995 0.141454
0 0.103580 0.894892 0.206069 0.123772
0 0.500000 0.886051 0.188605 0.117878
0 0.842283 0.843811 0.188605 0.119843