1 0.084759 0.468566 0.081538 0.111984
1 0.262180 0.444990 0.089088 0.104126
1 0.428277 0.456778 0.086068 0.100196
1 0.637407 0.448919 0.081538 0.104126
1 0.798974 0.427308 0.072478 0.096267
1 0.931096 0.417485 0.083048 0.100196
0 0.103634 0.113949 0.080028 0.102161
0 0.271240 0.087426 0.086068 0.104126
0 0.457721 0.083497 0.084558 0.096267
0 0.646467 0.068762 0.081538 0.106090
0 0.788404 0.060904 0.081538 0.090373
0 0.909956 0.049116 0.083048 0.098232
0 0.926566 0.236739 0.089088 0.131631
0 0.804258 0.227898 0.089088 0.102161
0 0.645712 0.220039 0.073988 0.086444
0 0.441111 0.255403 0.105698 0.098232
0 0.269730 0.262279 0.092108 0.100196
0 0.102124 0.282908 0.083048 0.102161
0 0.059845 0.709234 0.095128 0.121807
0 0.055315 0.942043 0.095128 0.115914
0 0.240286 0.915521 0.093618 0.110020
0 0.252365 0.706287 0.096638 0.104126
0 0.431296 0.704322 0.101168 0.127701
0 0.416197 0.924361 0.092108 0.111984
0 0.617777 0.646365 0.087578 0.113949
0 0.758204 0.639489 0.087578 0.119843
0 0.933361 0.633595 0.099658 0.151277
0 0.928831 0.838900 0.090598 0.117878
0 0.780854 0.877210 0.090598 0.111984
0 0.622307 0.888016 0.084558 0.113949