0 0.859052 0.088339 0.076223 0.137809
0 0.742711 0.090989 0.070874 0.143110
0 0.748729 0.242933 0.058839 0.075972
0 0.884460 0.320671 0.068200 0.139576
0 0.921234 0.579505 0.082910 0.155477
0 0.956003 0.873675 0.082910 0.178445
0 0.818266 0.899293 0.080235 0.169611
0 0.792858 0.665194 0.112329 0.174912
0 0.758090 0.401943 0.064188 0.118375
0 0.435812 0.114841 0.069537 0.151943
0 0.443835 0.369258 0.072212 0.151943
0 0.453865 0.611307 0.062851 0.166078
0 0.253946 0.586572 0.064188 0.148410
0 0.261301 0.810071 0.073549 0.171378
0 0.259963 0.348057 0.068200 0.159011
0 0.100830 0.128092 0.076223 0.153710
0 0.105511 0.396643 0.074886 0.157244
0 0.276679 0.105124 0.066863 0.160777
0 0.114203 0.727032 0.065525 0.174912
1 0.590264 0.068905 0.068200 0.137809
1 0.600294 0.263251 0.066863 0.137809
1 0.607649 0.513251 0.070874 0.153710
1 0.641749 0.758834 0.069537 0.171378
1 0.471249 0.870141 0.070874 0.171378